1	7 
2	5 
3	7 
4	11 
5	3 
6	8 
7	3 
8	2 
9	3 
10	6 
11	8 
12	11 
13	1 
14	1 
15	10 
16	3 
17	11 
18	5 
19	1 
20	9 
21	4 
22	6 
23	12 
24	12 
25	11 
26	10 
27	3 
28	11 
29	1 
30	10 
31	10 
32	2 
33	1 
34	3 
35	3 
36	3 
37	11 
38	12 
39	8 
40	7 
41	1 
42	11 
43	1 
44	1 
45	5 
46	12 
47	10 
48	10 
49	12 
50	3 
51	12 
52	2 
53	5 
54	7 
55	6 
56	8 
57	2 
58	4 
59	2 
60	4 
61	5 
62	10 
63	7 
64	11 
65	11 
66	9 
67	5 
68	10 
69	4 
70	12 
71	10 
72	11 
73	6 
74	5 
75	1 
76	6 
77	8 
78	11 
79	2 
80	6 
81	4 
82	3 
83	5 
84	12 
85	2 
86	11 
87	4 
88	10 
89	6 
90	3 
91	5 
92	1 
93	4 
94	12 
95	9 
96	5 
97	7 
98	12 
99	4 
100	8 
101	4 
102	10 
103	3 
104	1 
105	10 
106	1 
107	10 
108	12 
109	12 
110	8 
111	9 
112	3 
113	5 
114	8 
115	12 
116	7 
117	4 
118	10 
119	6 
120	1 
121	10 
122	7 
123	5 
124	12 
125	12 
126	4 
127	3 
128	1 
129	9 
130	5 
131	7 
132	7 
133	8 
134	7 
135	11 
136	1 
137	10 
138	11 
139	4 
140	4 
141	8 
142	10 
143	2 
144	1 
145	12 
146	1 
147	2 
148	6 
149	1 
150	5 
151	6 
152	5 
153	10 
154	11 
155	5 
156	4 
157	1 
158	4 
159	7 
160	6 
161	7 
162	12 
163	8 
164	12 
165	8 
166	12 
167	3 
168	10 
169	11 
170	5 
171	1 
172	6 
173	12 
174	4 
175	1 
176	1 
177	10 
178	10 
179	2 
180	7 
181	3 
182	12 
183	6 
184	10 
185	9 
186	12 
187	2 
188	5 
189	9 
190	6 
191	9 
192	5 
193	12 
194	2 
195	8 
196	6 
197	5 
198	11 
199	5 
200	7 
201	7 
202	12 
203	10 
204	2 
205	1 
206	4 
207	10 
208	9 
209	7 
210	2 
211	8 
212	6 
213	9 
214	9 
215	8 
216	2 
217	6 
218	7 
219	12 
220	1 
221	4 
222	4 
223	10 
224	5 
225	1 
226	4 
227	9 
228	12 
229	10 
230	4 
231	6 
232	1 
233	10 
234	5 
235	12 
236	10 
237	2 
238	7 
239	1 
240	10 
241	1 
242	3 
243	9 
244	7 
245	8 
246	11 
247	4 
248	12 
249	4 
250	12 
251	10 
252	4 
253	5 
254	8 
255	2 
256	2 
257	5 
258	5 
259	7 
260	12 
261	3 
262	12 
263	5 
264	1 
265	8 
266	6 
267	8 
268	2 
269	3 
270	12 
271	6 
272	12 
273	12 
274	11 
275	5 
276	2 
277	11 
278	4 
279	11 
280	6 
281	7 
282	9 
283	11 
284	7 
285	12 
286	10 
287	12 
288	11 
289	4 
290	9 
291	8 
292	6 
293	1 
294	5 
295	1 
296	11 
297	2 
298	4 
299	2 
300	2 
301	8 
302	9 
303	9 
304	12 
305	1 
306	12 
307	1 
308	6 
309	12 
310	9 
311	8 
312	3 
313	7 
314	3 
315	12 
316	3 
317	6 
318	7 
319	2 
320	8 
321	2 
322	12 
323	5 
324	9 
325	12 
326	12 
327	12 
328	5 
329	1 
330	9 
331	6 
332	4 
333	3 
334	1 
335	1 
336	12 
337	11 
338	9 
339	10 
340	10 
341	3 
342	10 
343	2 
344	10 
345	5 
346	12 
347	7 
348	6 
349	9 
350	9 
351	7 
352	8 
353	7 
354	9 
355	12 
356	1 
357	7 
358	12 
359	6 
360	3 
361	7 
362	7 
363	3 
364	12 
365	9 
366	4 
367	11 
368	9 
369	3 
370	7 
371	10 
372	8 
373	11 
374	12 
375	1 
376	7 
377	8 
378	7 
379	10 
380	12 
381	2 
382	9 
383	9 
384	2 
385	5 
386	4 
387	1 
388	10 
389	6 
390	5 
391	4 
392	6 
393	1 
394	6 
395	8 
396	1 
397	4 
398	5 
399	12 
400	3 
401	2 
402	12 
403	11 
404	4 
405	6 
406	10 
407	5 
408	6 
409	3 
410	10 
411	5 
412	6 
413	2 
414	4 
415	12 
416	1 
417	6 
418	6 
419	8 
420	11 
421	1 
422	12 
423	10 
424	4 
425	12 
426	10 
427	3 
428	2 
429	12 
430	1 
431	11 
432	11 
433	6 
434	3 
435	9 
436	9 
437	6 
438	1 
439	5 
440	2 
441	7 
442	10 
443	8 
444	3 
445	3 
446	7 
447	3 
448	7 
449	12 
450	8 
451	6 
452	7 
453	12 
454	12 
455	4 
456	12 
457	3 
458	2 
459	7 
460	12 
461	4 
462	11 
463	5 
464	7 
465	7 
466	1 
467	3 
468	1 
469	2 
470	6 
471	4 
472	7 
473	9 
474	1 
475	12 
476	12 
477	9 
478	3 
479	8 
480	5 
481	1 
482	11 
483	10 
484	12 
485	11 
486	1 
487	5 
488	9 
489	11 
490	9 
491	2 
492	8 
493	9 
494	3 
495	2 
496	8 
497	2 
498	9 
499	4 
500	5 
501	12 
502	6 
503	11 
504	9 
505	7 
506	4 
507	12 
508	6 
509	11 
510	2 
511	7 
512	3 
513	1 
514	3 
515	12 
516	12 
517	6 
518	3 
519	1 
520	2 
521	2 
522	6 
523	6 
524	8 
525	8 
526	10 
527	1 
528	7 
529	4 
530	11 
531	8 
532	5 
533	7 
534	4 
535	10 
536	8 
537	4 
538	11 
539	12 
540	11 
541	9 
542	5 
543	12 
544	8 
545	5 
546	12 
547	10 
548	10 
549	2 
550	4 
551	2 
552	5 
553	3 
554	2 
555	9 
556	9 
557	11 
558	8 
559	2 
560	11 
561	12 
562	3 
563	12 
564	9 
565	10 
566	8 
567	9 
568	9 
569	8 
570	7 
571	4 
572	9 
573	11 
574	10 
575	6 
576	10 
577	11 
578	5 
579	2 
580	12 
581	9 
582	2 
583	9 
584	6 
585	4 
586	4 
587	10 
588	12 
589	1 
590	3 
591	7 
592	9 
593	8 
594	10 
595	8 
596	9 
597	3 
598	12 
599	7 
600	7 
601	4 
602	5 
603	11 
604	10 
605	3 
606	7 
607	11 
608	5 
609	11 
610	11 
611	2 
612	11 
613	2 
614	5 
615	4 
616	2 
617	5 
618	9 
619	12 
620	1 
621	9 
622	1 
623	7 
624	8 
625	3 
626	3 
627	4 
628	4 
629	5 
630	8 
631	6 
632	8 
633	9 
634	5 
635	3 
636	1 
637	1 
638	9 
639	12 
640	12 
641	12 
642	5 
643	8 
644	6 
645	7 
646	10 
647	2 
648	8 
649	11 
650	2 
651	5 
652	6 
653	12 
654	9 
655	4 
656	2 
657	9 
658	8 
659	6 
660	6 
661	8 
662	7 
663	8 
664	9 
665	7 
666	11 
667	7 
668	4 
669	6 
670	4 
671	7 
672	2 
673	3 
674	10 
675	8 
676	3 
677	9 
678	5 
679	2 
680	8 
681	6 
682	12 
683	1 
684	2 
685	11 
686	2 
687	11 
688	1 
689	12 
690	3 
691	4 
692	2 
693	6 
694	6 
695	3 
696	11 
697	3 
698	2 
699	12 
700	4 
701	9 
702	10 
703	11 
704	11 
705	3 
706	5 
707	6 
708	2 
709	6 
710	4 
711	12 
712	7 
713	5 
714	3 
715	8 
716	10 
717	12 
718	10 
719	1 
720	2 
721	5 
722	9 
723	3 
724	6 
725	10 
726	10 
727	6 
728	7 
729	11 
730	5 
731	7 
732	12 
733	3 
734	11 
735	3 
736	6 
737	9 
738	2 
739	1 
740	4 
741	8 
742	3 
743	4 
744	12 
745	9 
746	8 
747	1 
748	9 
749	6 
750	5 
751	8 
752	11 
753	6 
754	10 
755	7 
756	4 
757	7 
758	1 
759	1 
760	8 
761	11 
762	3 
763	4 
764	7 
765	8 
766	8 
767	4 
768	6 
769	3 
770	10 
771	7 
772	7 
773	12 
774	8 
775	12 
776	2 
777	5 
778	4 
779	12 
780	3 
781	4 
782	7 
783	2 
784	12 
785	6 
786	11 
787	4 
788	5 
789	12 
790	12 
791	1 
792	4 
793	7 
794	2 
795	12 
796	6 
797	8 
798	6 
799	7 
800	9 
801	1 
802	5 
803	8 
804	12 
805	11 
806	7 
807	1 
808	7 
809	10 
810	4 
811	7 
812	10 
813	10 
814	8 
815	4 
816	12 
817	12 
818	11 
819	2 
820	1 
821	3 
822	12 
823	5 
824	4 
825	11 
826	5 
827	3 
828	11 
829	8 
830	2 
831	5 
832	2 
833	7 
834	10 
835	8 
836	9 
837	12 
838	1 
839	4 
840	12 
841	10 
842	11 
843	7 
844	8 
845	6 
846	9 
847	9 
848	11 
849	12 
850	4 
851	8 
852	12 
853	7 
854	11 
855	11 
856	3 
857	10 
858	12 
859	4 
860	8 
861	6 
862	7 
863	8 
864	5 
865	11 
866	3 
867	10 
868	11 
869	1 
870	3 
871	9 
872	3 
873	6 
874	5 
875	12 
876	1 
877	5 
878	4 
879	5 
880	10 
881	6 
882	12 
883	6 
884	9 
885	3 
886	11 
887	8 
888	4 
889	7 
890	5 
891	9 
892	9 
893	11 
894	9 
895	12 
896	10 
897	1 
898	6 
899	1 
900	2 
901	4 
902	12 
903	12 
904	2 
905	2 
906	2 
907	6 
908	8 
909	3 
910	12 
911	11 
912	4 
913	7 
914	5 
915	9 
916	5 
917	10 
918	9 
919	12 
920	10 
921	1 
922	2 
923	12 
924	12 
925	6 
926	5 
927	1 
928	11 
929	4 
930	12 
931	11 
932	6 
933	11 
934	2 
935	3 
936	8 
937	1 
938	3 
939	3 
940	12 
941	8 
942	7 
943	5 
944	3 
945	8 
946	8 
947	12 
948	11 
949	1 
950	3 
951	6 
952	9 
953	5 
954	10 
955	4 
956	4 
957	5 
958	3 
959	3 
960	8 
961	2 
962	6 
963	7 
964	8 
965	2 
966	10 
967	10 
968	9 
969	5 
970	6 
971	7 
972	2 
973	2 
974	9 
975	1 
976	2 
977	8 
978	6 
979	9 
980	9 
981	2 
982	1 
983	5 
984	10 
985	12 
986	6 
987	3 
988	8 
989	9 
990	10 
991	2 
992	10 
993	12 
994	3 
995	4 
996	9 
997	12 
998	11 
999	11 
1000	9 
